time_stamp	px_state	py_state	v_state	yaw_angle_state	yaw_rate_state	sensor_type	NIS	px_measured	py_measured	px_ground_truth	py_ground_truth	vx_ground_truth	vy_ground_truth
1477010443000000	0.312243	0.58034	0	0	0	lidar	0	0.312243	0.58034	0.6	0.6	5.19994	0
1477010443050000	0.735292	0.629424	7.20493	2.30671e-17	3.3816e-17	radar	81.3566	0.862916	0.534212	0.859997	0.600045	5.19975	0.00179686
1477010443100000	1.1605	0.49494	7.20802	-0.127183	-0.0118525	lidar	2.18034	1.17385	0.481073	1.11998	0.600225	5.19943	0.00538996
1477010443150000	1.25799	0.533094	7.19318	0.122642	0.0305949	radar	10.6261	0.969149	0.397513	1.37996	0.600629	5.19898	0.0107781
1477010443200000	1.61584	0.595355	7.20672	0.161487	0.0462102	lidar	74.6956	1.65063	0.62469	1.6399	0.601347	5.19839	0.0179597
1477010443250000	1.85112	0.561959	6.00779	0.0257028	-0.232092	radar	81.2004	1.62331	0.499091	1.89982	0.60247	5.19766	0.0269323
1477010443300000	2.16288	0.591374	6.00748	0.0403871	-0.17656	lidar	159.478	2.18882	0.648739	2.1597	0.604086	5.19678	0.0376932
1477010443350000	2.37873	0.637394	5.60128	0.0568307	-0.335216	radar	185.332	1.96701	0.557117	2.41954	0.606284	5.19573	0.0502389
1477010443400000	2.65585	0.654625	5.59885	0.0456746	-0.314196	lidar	252.103	2.65526	0.66598	2.67932	0.609155	5.1945	0.0645654
1477010443450000	2.92231	0.648297	5.53292	-0.00171863	-0.465573	radar	267.952	2.92034	0.645898	2.93904	0.612786	5.19309	0.080668
1477010443500000	3.15805	0.644083	5.48862	-0.0150207	-0.431639	lidar	333.941	3.01222	0.637046	3.19869	0.617267	5.19147	0.0985415
1477010443550000	3.44366	0.54014	5.52161	-0.163484	-0.846073	radar	308.767	3.56096	0.485311	3.45825	0.622685	5.18963	0.11818
1477010443600000	3.74682	0.427822	5.58921	-0.282662	-1.06942	lidar	553.023	3.89365	0.311793	3.71772	0.62913	5.18754	0.139576
1477010443650000	4.02752	0.51208	5.55098	-0.145668	-0.546479	radar	343.288	4.19786	0.698311	3.97708	0.636689	5.18519	0.162724
1477010443700000	4.30137	0.50414	5.53249	-0.138611	-0.463394	lidar	693.926	4.30935	0.578564	4.23632	0.645449	5.18256	0.187614
1477010443750000	4.5618	0.540503	5.4463	-0.0976927	-0.324911	radar	426.699	4.61908	0.68951	4.49542	0.655498	5.17962	0.214238
1477010443800000	4.75086	0.647346	5.28093	0.00314277	-0.0809993	lidar	728.629	4.35143	0.899174	4.75437	0.666921	5.17634	0.242587
1477010443850000	5.00292	0.646108	5.21082	-0.00503987	-0.0901787	radar	482.55	5.20901	0.66599	5.01315	0.679804	5.1727	0.272649
1477010443900000	5.30312	0.643075	5.26303	-0.011723	-0.0941192	lidar	1154.02	5.51894	0.648233	5.27175	0.694234	5.16867	0.304413
1477010443950000	5.56122	0.650543	5.28585	-0.00618556	-0.0751157	radar	536.835	5.22834	0.639362	5.53013	0.710295	5.16422	0.337868
1477010444000000	5.85454	0.666963	5.3205	0.00210501	-0.0551911	lidar	1380.87	6.022	0.708619	5.78828	0.728072	5.15932	0.372999
1477010444050000	6.09718	0.593541	5.25196	-0.0511971	-0.136924	radar	558.119	5.89392	0.373584	6.04618	0.747647	5.15393	0.409793
1477010444100000	6.35246	0.707031	5.2254	0.0234821	-0.0126073	lidar	1547.82	6.34249	0.948833	6.30379	0.769103	5.14803	0.448233
1477010444150000	6.60309	0.738078	5.18501	0.0377147	0.00881854	radar	679.984	6.62134	0.836138	6.5611	0.792523	5.14157	0.488305
1477010444200000	6.85004	0.737325	5.17105	0.0322519	0.000625416	lidar	1757.6	6.78214	0.714036	6.81808	0.817988	5.13452	0.52999
1477010444250000	7.09346	0.72068	5.08927	0.0169196	-0.0214405	radar	738.933	7.29121	0.630741	7.07469	0.845578	5.12685	0.573269
1477010444300000	7.31328	0.804648	5.04138	0.0608783	0.0386099	lidar	1962.02	7.13735	0.957217	7.3309	0.875373	5.11851	0.618123
1477010444350000	7.60443	0.815588	5.14675	0.0599259	0.0350519	radar	939.978	8.08349	0.819605	7.58668	0.907449	5.10946	0.664531
1477010444400000	7.85413	0.795393	5.13819	0.0430865	0.0116357	lidar	2329.54	7.80533	0.719126	7.84199	0.941886	5.09966	0.712469
1477010444450000	8.1041	0.812581	5.0819	0.0461688	0.0138441	radar	937.078	8.40453	0.884557	8.0968	0.978759	5.08907	0.761915
1477010444500000	8.34116	0.830974	5.06072	0.0506614	0.0186676	lidar	2608.13	8.24796	0.840322	8.35106	1.01814	5.07766	0.812843
1477010444550000	8.60925	0.916864	5.14976	0.0882082	0.0640763	radar	1045.99	8.45858	1.41118	8.60472	1.06011	5.06537	0.865226
1477010444600000	8.84622	0.976258	5.12622	0.10969	0.0861818	lidar	2945.7	8.74615	1.04858	8.85775	1.10473	5.05216	0.919037
1477010444650000	9.13493	1.01395	5.18408	0.117123	0.0894962	radar	1267.73	9.8809	1.1419	9.1101	1.15208	5.03798	0.974245
1477010444700000	9.37186	1.04835	5.1582	0.124082	0.0926936	lidar	3296.04	9.25579	1.04913	9.36172	1.20223	5.0228	1.03082
1477010444750000	9.65056	1.11913	5.21064	0.145624	0.112413	radar	1340.11	10.1016	1.52474	9.61255	1.25524	5.00656	1.08873
1477010444800000	9.92329	1.2464	5.24127	0.191622	0.159789	lidar	3915.13	10.0484	1.44598	9.86254	1.31118	4.98922	1.14794
1477010444850000	10.1724	1.33402	5.18412	0.218085	0.182893	radar	1405.21	10.5377	1.72555	10.1117	1.37011	4.97074	1.20841
1477010444900000	10.3975	1.4164	5.15322	0.240322	0.198763	lidar	4073.41	10.2492	1.45907	10.3598	1.4321	4.95106	1.2701
1477010444950000	10.6301	1.49928	5.06664	0.262896	0.216269	radar	1467.72	10.9084	1.70343	10.6069	1.49721	4.93014	1.33298
1477010445000000	10.8557	1.53404	5.03484	0.26052	0.201145	lidar	4458.11	10.7313	1.45265	10.853	1.56549	4.90794	1.39701
1477010445050000	11.1207	1.58526	5.07724	0.26151	0.18942	radar	1627.31	11.4783	1.42876	11.0979	1.637	4.8844	1.46213
1477010445100000	11.3992	1.63445	5.11554	0.260273	0.176239	lidar	5202.99	11.587	1.61462	11.3416	1.71179	4.85948	1.52832
1477010445150000	11.6307	1.69176	5.06898	0.26695	0.17477	radar	1611.07	11.4763	1.53917	11.584	1.78992	4.83313	1.59551
1477010445200000	11.8606	1.75798	5.05068	0.276236	0.175621	lidar	5390.02	11.7788	1.74591	11.8251	1.87144	4.80531	1.66366
1477010445250000	12.116	1.84684	5.10809	0.291023	0.181239	radar	1844.38	12.136	2.14937	12.0647	1.95639	4.77598	1.73273
1477010445300000	12.3585	1.87859	5.09069	0.281271	0.15911	lidar	5892.42	12.3226	1.78353	12.3029	2.04482	4.74508	1.80265
1477010445350000	12.614	1.93986	5.13586	0.282161	0.149249	radar	1926.42	12.5457	1.77728	12.5394	2.13677	4.71257	1.87338
1477010445400000	12.8146	2.07293	5.10181	0.321368	0.187064	lidar	6207.6	12.5924	2.17509	12.7743	2.23227	4.67842	1.94485
1477010445450000	13.0808	2.1792	5.19395	0.336507	0.190883	radar	2182.38	13.2198	2.6644	13.0075	2.33137	4.64258	2.01701
1477010445500000	13.2843	2.3198	5.16542	0.374412	0.224596	lidar	6731.03	13.0875	2.40708	13.2388	2.43409	4.605	2.08981
1477010445550000	13.4654	2.46228	5.0523	0.417196	0.266835	radar	2019.82	12.7087	3.12439	13.4682	2.54047	4.56565	2.16317
1477010445600000	13.7146	2.57968	5.08265	0.43401	0.270608	lidar	7538.28	13.836	2.62479	13.6955	2.65053	4.52448	2.23703
1477010445650000	13.9345	2.69218	5.06118	0.451604	0.276556	radar	2308.12	13.8302	2.73893	13.9208	2.7643	4.48147	2.31134
1477010445700000	14.163	2.84636	5.08657	0.483323	0.2972	lidar	8004.38	14.2106	2.94205	14.1439	2.88179	4.43656	2.38601
1477010445750000	14.4125	2.95587	5.154	0.486033	0.278234	radar	2564.17	14.5568	2.87021	14.3646	3.00303	4.38974	2.46099
1477010445800000	14.619	3.03097	5.10157	0.48335	0.259528	lidar	8266.34	14.4616	2.90734	14.583	3.12802	4.34097	2.5362
1477010445850000	14.8501	3.18291	5.16145	0.506042	0.267455	radar	2707.29	14.6754	3.96041	14.7989	3.25679	4.29021	2.61157
1477010445900000	15.0577	3.37491	5.18427	0.5495	0.302204	lidar	9046.02	15.0261	3.5067	15.0122	3.38932	4.23744	2.68703
1477010445950000	15.2692	3.53998	5.16904	0.580377	0.323614	radar	2906.31	15.3685	4.14761	15.2228	3.52563	4.18263	2.76249
1477010446000000	15.4828	3.72788	5.19968	0.61484	0.34443	lidar	9711.02	15.5236	3.82936	15.4306	3.66572	4.12575	2.83789
1477010446050000	15.6943	3.8623	5.18544	0.625254	0.33699	radar	2944.23	15.7234	3.4105	15.6355	3.80957	4.06678	2.91315
1477010446100000	15.9158	4.00703	5.19292	0.636172	0.330033	lidar	10299.7	15.9774	4.00094	15.8375	3.95719	4.00571	2.98817
1477010446150000	16.1115	4.17	5.14523	0.663015	0.348276	radar	3211.88	16.3376	4.21632	16.0363	4.10854	3.94251	3.0629
1477010446200000	16.3091	4.36497	5.17088	0.694573	0.36423	lidar	10874.7	16.3313	4.44499	16.2319	4.26363	3.87716	3.13723
1477010446250000	16.5191	4.52896	5.18797	0.70787	0.35737	radar	3407.28	16.7586	4.48231	16.4242	4.42242	3.80966	3.21109
1477010446300000	16.6975	4.69771	5.16914	0.728917	0.361281	lidar	11288.9	16.6039	4.67344	16.613	4.5849	3.74	3.28438
1477010446350000	16.851	4.8898	5.07451	0.773541	0.405749	radar	3499.42	16.9236	5.10119	16.7983	4.75103	3.66817	3.35704
1477010446400000	17.0159	5.11434	5.10341	0.813692	0.428112	lidar	11988.7	16.9955	5.21099	16.9799	4.92077	3.59416	3.42897
1477010446450000	17.1855	5.28519	5.06882	0.832932	0.429301	radar	3600.74	17.3421	4.64623	17.1579	5.09409	3.51797	3.50008
1477010446500000	17.3451	5.4667	5.05296	0.853903	0.428982	lidar	12453.4	17.2894	5.43542	17.3319	5.27094	3.4396	3.57028
1477010446550000	17.5009	5.63695	5.00237	0.873917	0.432587	radar	3713.15	17.6463	4.74597	17.5019	5.45128	3.35907	3.63949
1477010446600000	17.6939	5.76186	4.96005	0.863535	0.396882	lidar	13180.5	17.7853	5.62476	17.6679	5.63506	3.27637	3.70762
1477010446650000	17.8371	5.95861	4.92118	0.895978	0.418743	radar	4000.14	17.9216	6.07151	17.8297	5.82221	3.19151	3.77458
1477010446700000	18.0115	6.14845	4.93661	0.909325	0.409933	lidar	13887.9	18.1263	6.16985	17.9872	6.01269	3.10453	3.84027
1477010446750000	18.1608	6.35585	4.94856	0.933604	0.414273	radar	4209.1	18.1245	6.79027	18.1402	6.20641	3.01542	3.90462
1477010446800000	18.2829	6.59212	4.97171	0.972145	0.434129	lidar	14249.3	18.2164	6.66138	18.2888	6.40332	2.92421	3.96753
1477010446850000	18.4144	6.80568	4.96561	0.999976	0.443756	radar	4343.38	18.4022	7.02231	18.4328	6.60333	2.83093	4.0289
1477010446900000	18.5624	6.94392	4.89179	0.995808	0.415087	lidar	14735.8	18.5422	6.76013	18.572	6.80638	2.7356	4.08867
1477010446950000	18.7112	7.15039	4.92507	1.00634	0.39769	radar	4549.97	18.8089	7.24388	18.7064	7.01237	2.63825	4.14672
1477010447000000	18.9077	7.28987	4.88707	0.985411	0.352466	lidar	15807.9	19.1441	7.18344	18.8359	7.22122	2.53893	4.20299
1477010447050000	18.996	7.49375	4.81544	1.02538	0.388485	radar	4453.41	18.5479	7.4012	18.9604	7.43283	2.43767	4.25737
1477010447100000	19.0878	7.75443	4.86171	1.06965	0.41581	lidar	16020.6	19.0138	7.8688	19.0798	7.64712	2.3345	4.3098
1477010447150000	19.2084	7.96182	4.8625	1.08513	0.408166	radar	4811.19	19.3089	7.67375	19.1939	7.86397	2.22949	4.36017
1477010447200000	19.288	8.1773	4.84207	1.1157	0.419623	lidar	16338.7	19.132	8.12845	19.3028	8.08329	2.12266	4.40842
1477010447250000	19.387	8.38822	4.8441	1.1323	0.409679	radar	4801.38	19.0239	8.17194	19.4062	8.30497	2.01409	4.45445
1477010447300000	19.4819	8.53721	4.74747	1.13681	0.393039	lidar	16748.1	19.347	8.30741	19.5042	8.5289	1.90381	4.49819
1477010447350000	19.5729	8.74624	4.72358	1.15988	0.400679	radar	5085.62	19.6843	8.35902	19.5966	8.75494	1.7919	4.53956
1477010447400000	19.734	8.92059	4.70309	1.1458	0.363449	lidar	18099.1	20.0039	8.8906	19.6835	8.983	1.67841	4.57848
1477010447450000	19.8075	9.14214	4.67896	1.1789	0.387438	radar	5307.08	19.6061	9.48659	19.7645	9.21294	1.56341	4.61488
1477010447500000	19.9377	9.36699	4.71112	1.18486	0.372505	lidar	18728.9	20.1574	9.45949	19.8398	9.44463	1.44697	4.64869
1477010447550000	19.9836	9.5886	4.66009	1.22888	0.413537	radar	5371.28	19.6163	9.76606	19.9093	9.67795	1.32916	4.67984
1477010447600000	20.0711	9.82772	4.69151	1.24939	0.413108	lidar	19055.9	20.1573	9.90876	19.9728	9.91275	1.21005	4.70826
1477010447650000	20.1316	10.0759	4.73251	1.27581	0.414626	radar	5699.5	19.1911	11.5493	20.0303	10.1489	1.08972	4.73389
1477010447700000	20.18	10.3473	4.7876	1.31208	0.430985	lidar	19495	20.166	10.4687	20.0818	10.3863	0.968259	4.75666
1477010447750000	20.1966	10.5825	4.75241	1.35906	0.470429	radar	5658.28	19.6775	10.803	20.1271	10.6247	0.845742	4.77652
1477010447800000	20.2551	10.8551	4.813	1.38551	0.472882	lidar	20236.7	20.371	11.0109	20.1663	10.864	0.722256	4.7934
1477010447850000	20.2841	11.1109	4.8415	1.41498	0.47621	radar	6013.8	19.4335	12.3402	20.1993	11.1041	0.597892	4.80727
1477010447900000	20.3183	11.3499	4.84098	1.43886	0.476291	lidar	20418.4	20.3164	11.3483	20.2261	11.3449	0.472738	4.81807
1477010447950000	20.2652	11.5975	4.79228	1.51434	0.557027	radar	5879.74	19.2063	12.2418	20.2466	11.5861	0.346889	4.82575
1477010448000000	20.3365	11.8388	4.80533	1.51918	0.532354	lidar	21384.4	20.6141	11.9422	20.2608	11.8275	0.220439	4.83027
1477010448050000	20.3618	12.073	4.82343	1.52569	0.493619	radar	6105.17	19.966	11.9688	20.2687	12.0692	0.093487	4.83159
1477010448100000	20.3486	12.3597	4.88978	1.5632	0.50596	lidar	21445.4	20.3263	12.4966	20.2701	12.3108	-0.0338694	4.82968
1477010448150000	20.2993	12.5978	4.85261	1.62097	0.560147	radar	6265.69	20.0192	12.4823	20.2652	12.5522	-0.161529	4.82451
1477010448200000	20.3241	12.8379	4.84987	1.63342	0.543889	lidar	22067.3	20.498	12.8924	20.254	12.7933	-0.28939	4.81605
1477010448250000	20.3113	13.0691	4.82999	1.66029	0.547403	radar	6562.72	20.9151	12.2555	20.2363	13.0339	-0.417348	4.80428
1477010448300000	20.2763	13.2831	4.79168	1.68999	0.550564	lidar	21861.7	20.1943	13.1688	20.2122	13.2738	-0.545298	4.78918
1477010448350000	20.2376	13.5176	4.79233	1.71702	0.545955	radar	6535.86	19.858	13.5236	20.1818	13.5129	-0.673135	4.77072
1477010448400000	20.2168	13.7764	4.82367	1.73848	0.539287	lidar	22788	20.3245	13.8896	20.1449	13.7509	-0.800753	4.74892
1477010448450000	20.1611	14.0037	4.80477	1.77506	0.556777	radar	6726.43	20.3387	13.5307	20.1017	13.9878	-0.928043	4.72374
1477010448500000	20.1056	14.2591	4.83727	1.80439	0.557721	lidar	22945.9	20.1216	14.337	20.0521	14.2233	-1.0549	4.69521
1477010448550000	20.0337	14.4878	4.83298	1.83633	0.561052	radar	6761.44	19.6717	14.4038	19.9962	14.4573	-1.18121	4.66331
1477010448600000	19.925	14.7425	4.8799	1.87962	0.57594	lidar	22903.2	19.781	14.773	19.934	14.6897	-1.30687	4.62805
1477010448650000	19.8584	14.9604	4.86195	1.89741	0.554596	radar	6798.24	20.1149	14.0165	19.8655	14.9202	-1.43177	4.58944
1477010448700000	19.8271	15.1787	4.82654	1.90734	0.536985	lidar	23729.5	20.0208	15.2053	19.7908	15.1486	-1.55581	4.54751
1477010448750000	19.6953	15.3889	4.80044	1.98099	0.625534	radar	7249.7	20.0157	15.3443	19.7099	15.3749	-1.67887	4.50226
1477010448800000	19.6657	15.578	4.72456	1.98905	0.603102	lidar	23961.7	19.9131	15.554	19.6229	15.5989	-1.80085	4.45372
1477010448850000	19.5719	15.783	4.70941	2.016	0.597302	radar	7111.89	19.9388	15.0864	19.5298	15.8203	-1.92164	4.40193
1477010448900000	19.468	15.9967	4.71328	2.04537	0.596719	lidar	23857.2	19.4748	16.0098	19.4307	16.039	-2.04114	4.3469
1477010448950000	19.3665	16.2047	4.71199	2.06217	0.569421	radar	7158.94	19.1556	16.0022	19.3257	16.2549	-2.15925	4.28868
1477010449000000	19.2569	16.3825	4.66924	2.09205	0.57172	lidar	23822.8	19.238	16.2719	19.2148	16.4679	-2.27586	4.22731
1477010449050000	19.1391	16.5791	4.66223	2.12187	0.574859	radar	7371.64	19.4007	16.2962	19.0981	16.6777	-2.39087	4.16284
1477010449100000	19.0085	16.7894	4.68515	2.15083	0.574634	lidar	24189.2	19.0029	16.8387	18.9757	16.8841	-2.50418	4.0953
1477010449150000	18.8518	16.9818	4.69811	2.20846	0.632749	radar	7765.37	18.8373	17.7112	18.8477	17.0872	-2.61571	4.02476
1477010449200000	18.6779	17.2172	4.7881	2.24303	0.633947	lidar	24335.9	18.6148	17.3832	18.7142	17.2866	-2.72534	3.95127
1477010449250000	18.575	17.4208	4.77073	2.23007	0.551599	radar	7445.61	18.8177	17.0316	18.5752	17.4822	-2.83299	3.87489
1477010449300000	18.3609	17.6127	4.83186	2.27739	0.570266	lidar	23838.7	18.1023	17.5529	18.4309	17.674	-2.93858	3.79568
1477010449350000	18.2248	17.8037	4.82278	2.2818	0.523884	radar	7450.52	18.2749	17.4877	18.2814	17.8617	-3.042	3.71372
1477010449400000	18.0924	17.9895	4.80537	2.29873	0.514932	lidar	24627.7	18.2094	18.0461	18.1268	18.0453	-3.14318	3.62906
1477010449450000	17.917	18.1448	4.79047	2.34091	0.543855	radar	7485.34	18.3021	17.498	17.9671	18.2246	-3.24204	3.5418
1477010449500000	17.7855	18.2873	4.72155	2.36272	0.539726	lidar	24440.4	17.9018	18.2183	17.8026	18.3994	-3.3385	3.45199
1477010449550000	17.6524	18.4682	4.70543	2.37017	0.512507	radar	7943.7	18.8558	18.1364	17.6334	18.5697	-3.43247	3.35973
1477010449600000	17.4573	18.6497	4.75328	2.39829	0.514176	lidar	24432.1	17.3845	18.7039	17.4595	18.7353	-3.5239	3.26509
1477010449650000	17.2769	18.7911	4.73774	2.43261	0.528812	radar	7567.86	17.7945	18.0801	17.281	18.8962	-3.61271	3.16817
1477010449700000	17.1154	18.9275	4.69906	2.45723	0.527629	lidar	24418.2	17.1762	18.8863	17.0983	19.0521	-3.69883	3.06904
1477010449750000	16.9481	19.0978	4.70679	2.46931	0.506981	radar	8037.13	16.9398	19.7311	16.9113	19.203	-3.78221	2.9678
1477010449800000	16.731	19.2135	4.70935	2.50963	0.521959	lidar	23890.8	16.5734	19.052	16.7201	19.3488	-3.86278	2.86455
1477010449850000	16.541	19.3669	4.7272	2.53311	0.522245	radar	8054.34	16.1674	20.2201	16.5251	19.4894	-3.9405	2.75938
1477010449900000	16.3155	19.5281	4.79153	2.55887	0.520773	lidar	24289.6	16.2338	19.6171	16.3262	19.6246	-4.01531	2.65237
1477010449950000	16.0929	19.6118	4.77308	2.60862	0.55477	radar	7252.22	16.4366	18.2742	16.1237	19.7545	-4.08716	2.54364
1477010450000000	15.8874	19.7558	4.79694	2.62896	0.546924	lidar	24291.5	15.9243	19.8703	15.9176	19.8789	-4.15602	2.43329
1477010450050000	15.6989	19.8799	4.76763	2.63523	0.505563	radar	7596.54	16.2328	19.2166	15.7082	19.9978	-4.22185	2.32141
1477010450100000	15.4677	20.0329	4.83188	2.65336	0.497175	lidar	24182.4	15.4332	20.1836	15.4956	20.111	-4.28461	2.2081
1477010450150000	15.2561	20.175	4.85433	2.66465	0.477596	radar	8142.09	14.3677	21.3406	15.2799	20.2185	-4.34427	2.09347
1477010450200000	15.0674	20.3062	4.83896	2.67653	0.465892	lidar	24295.9	15.2016	20.4385	15.0613	20.3203	-4.4008	1.97763
1477010450250000	14.8372	20.3893	4.83852	2.71298	0.484953	radar	7571.72	14.7476	19.9571	14.84	20.4162	-4.4542	1.86068
1477010450300000	14.6213	20.5083	4.8496	2.72985	0.477426	lidar	23958.3	14.6665	20.6088	14.6161	20.5063	-4.50443	1.74272
1477010450350000	14.3846	20.596	4.86851	2.76493	0.498839	radar	7878.87	13.841	21.0031	14.3897	20.5904	-4.55149	1.62386
1477010450400000	14.1382	20.6703	4.88402	2.7968	0.505506	lidar	23271.1	14.0521	20.5924	14.1611	20.6686	-4.59537	1.50421
1477010450450000	13.9009	20.7422	4.89358	2.83133	0.523567	radar	7814.15	13.8232	20.859	13.9304	20.7408	-4.63606	1.38386
1477010450500000	13.627	20.8063	4.94276	2.86565	0.530834	lidar	22876.1	13.4686	20.7253	13.6977	20.807	-4.67357	1.26294
1477010450550000	13.3781	20.8381	4.95185	2.91721	0.576094	radar	7633.64	13.8263	20.4261	13.4632	20.8671	-4.70789	1.14153
1477010450600000	13.1325	20.8796	4.95023	2.94978	0.579897	lidar	22683.7	13.1072	20.8294	13.2271	20.9211	-4.73904	1.01975
1477010450650000	12.9	20.9381	4.9426	2.97184	0.571899	radar	7860.17	13.2669	21.1579	12.9895	20.969	-4.76702	0.897694
1477010450700000	12.701	20.9817	4.88174	2.99428	0.567161	lidar	22822.6	12.8729	21.0592	12.7506	21.0108	-4.79186	0.775469
1477010450750000	12.4476	21.0225	4.90624	3.02253	0.569322	radar	7807.85	11.5171	21.6724	12.5106	21.0465	-4.81358	0.653175
1477010450800000	12.2013	21.0598	4.91571	3.04714	0.565186	lidar	22279.9	12.2062	21.11	12.2695	21.0761	-4.83219	0.530912
1477010450850000	11.9621	21.0798	4.91366	3.07825	0.573298	radar	7687.14	12.3859	21.1066	12.0276	21.0996	-4.84773	0.408778
1477010450900000	11.72	21.0507	4.89133	3.12134	0.588509	lidar	21433.9	11.6814	20.8651	11.785	21.117	-4.86022	0.286869
1477010450950000	11.4723	21.0374	4.89197	3.15691	0.595888	radar	7334.3	11.5265	20.6748	11.5418	21.1283	-4.86971	0.165281
1477010451000000	11.2572	21.0306	4.84883	3.1857	0.596032	lidar	21491	11.363	21.0688	11.2982	21.1335	-4.87623	0.0441057
1477010451050000	11.0023	20.9924	4.86266	3.22526	0.606821	radar	7145.68	10.5558	20.5567	11.0544	21.1327	-4.87982	-0.076565
1477010451100000	10.7929	20.9541	4.81057	3.26084	0.613679	lidar	20886.3	10.8903	20.927	10.8105	21.1259	-4.88053	-0.196643
1477010451150000	10.5455	20.9521	4.7984	3.26823	0.570841	radar	7389.15	9.30535	21.3896	10.5666	21.1131	-4.8784	-0.31604
1477010451200000	10.2649	20.9792	4.87372	3.27306	0.544064	lidar	20777.4	10.189	21.209	10.3229	21.0943	-4.87349	-0.434674
1477010451250000	10.0264	20.9605	4.86848	3.29258	0.533786	radar	7445.18	9.97958	21.2932	10.0795	21.0697	-4.86585	-0.552463
1477010451300000	9.83339	20.9207	4.79822	3.32134	0.537804	lidar	20280.2	9.99634	20.9797	9.83658	21.0391	-4.85554	-0.669327
1477010451350000	9.60105	20.9108	4.76159	3.322	0.49152	radar	7260.32	9.38223	21.111	9.59422	21.0028	-4.84262	-0.785189
1477010451400000	9.40838	20.8582	4.70026	3.35177	0.498417	lidar	19789.3	9.53921	20.8762	9.35258	20.9607	-4.82714	-0.899977
1477010451450000	9.18813	20.8164	4.6885	3.374	0.496612	radar	7254.88	9.63392	20.9724	9.11177	20.9128	-4.80919	-1.01362
1477010451500000	8.8947	20.7849	4.78663	3.3841	0.479102	lidar	19131.2	8.70331	20.8221	8.87192	20.8594	-4.78881	-1.12605
1477010451550000	8.68077	20.7057	4.76482	3.4181	0.491962	radar	6822.63	9.84634	20.009	8.63315	20.8003	-4.76608	-1.2372
1477010451600000	8.40393	20.6221	4.83834	3.44403	0.491769	lidar	18308.8	8.22277	20.4839	8.39557	20.7358	-4.74108	-1.34701
1477010451650000	8.17574	20.5422	4.84177	3.47253	0.498493	radar	6931.05	8.29647	20.4978	8.1593	20.6657	-4.71387	-1.45542
1477010451700000	7.933	20.4622	4.86364	3.49527	0.495753	lidar	18058	7.88599	20.45	7.92445	20.5903	-4.68453	-1.56237
1477010451750000	7.71693	20.3762	4.86743	3.52726	0.512807	radar	7033.1	8.29081	20.6565	7.69111	20.5096	-4.65313	-1.66781
1477010451800000	7.40762	20.3182	4.98432	3.52819	0.484554	lidar	17565.2	7.18029	20.392	7.45939	20.4237	-4.61975	-1.7717
1477010451850000	7.17609	20.2217	4.98118	3.55019	0.479323	radar	6696.21	7.09214	20.1196	7.22939	20.3326	-4.58448	-1.87399
1477010451900000	6.91105	20.139	5.031	3.56174	0.46535	lidar	17061.6	6.81542	20.1859	7.00119	20.2364	-4.54738	-1.97462
1477010451950000	6.68633	20.0473	5.01273	3.57792	0.45399	radar	6707.91	6.89359	20.1536	6.7749	20.1352	-4.50854	-2.07357
1477010452000000	6.43801	19.956	5.03968	3.59095	0.443402	lidar	16591.1	6.38914	20.0137	6.55059	20.0292	-4.46805	-2.17079
1477010452050000	6.22163	19.8624	5.02003	3.60821	0.438618	radar	6742.57	6.67637	20.2142	6.32834	19.9183	-4.42598	-2.26625
1477010452100000	5.95826	19.7689	5.0698	3.61553	0.422458	lidar	16073.7	5.86119	19.8306	6.10823	19.8027	-4.38241	-2.35993
1477010452150000	5.72815	19.6238	5.11316	3.65233	0.449409	radar	6444.21	5.28178	19.5036	5.89034	19.6824	-4.33744	-2.45178
1477010452200000	5.55186	19.501	5.04769	3.68169	0.457805	lidar	15633.6	5.69089	19.5755	5.67472	19.5577	-4.29114	-2.5418
1477010452250000	5.35024	19.3521	5.04252	3.71441	0.470655	radar	6188.84	5.9506	18.9859	5.46145	19.4284	-4.24359	-2.62995
1477010452300000	5.13716	19.2504	5.02891	3.72495	0.457331	lidar	15226.9	5.17021	19.4397	5.25059	19.2948	-4.19488	-2.71622
1477010452350000	4.94662	19.1383	4.96606	3.73598	0.436454	radar	6303.7	5.87397	19.301	5.04219	19.157	-4.1451	-2.80059
1477010452400000	4.78393	18.9876	4.91504	3.76995	0.450356	lidar	14472.5	4.89149	18.982	4.8363	19.015	-4.09432	-2.88305
1477010452450000	4.5747	18.8377	4.95002	3.7947	0.458123	radar	6293.42	3.98679	19.0452	4.63297	18.8689	-4.04263	-2.96359
1477010452500000	4.3975	18.706	4.91474	3.81505	0.45616	lidar	14118.6	4.4685	18.834	4.43224	18.7188	-3.99012	-3.0422
1477010452550000	4.21659	18.5636	4.87002	3.83056	0.440672	radar	5965.83	4.69245	18.4634	4.23416	18.5648	-3.93685	-3.11888
1477010452600000	4.09183	18.4088	4.78974	3.86751	0.45848	lidar	13567.4	4.26269	18.481	4.03876	18.4071	-3.88293	-3.19362
1477010452650000	3.9056	18.2368	4.87091	3.90399	0.490931	radar	6289.73	3.42434	18.8357	3.84606	18.2457	-3.82841	-3.26644
1477010452700000	3.65046	18.095	4.95233	3.89768	0.455601	lidar	12895.4	3.45919	18.167	3.65611	18.0807	-3.77339	-3.33732
1477010452750000	3.4891	17.9441	4.88438	3.91209	0.437664	radar	5762.59	4.3011	17.9267	3.46891	17.9122	-3.71795	-3.40627
1477010452800000	3.26243	17.7768	4.94592	3.91732	0.418185	lidar	12251.5	3.12525	17.7493	3.28449	17.7402	-3.66215	-3.47331
1477010452850000	3.08137	17.5934	4.99477	3.94615	0.436788	radar	5951.52	2.65664	17.888	3.10287	17.565	-3.60609	-3.53844
1477010452900000	2.90359	17.4754	4.95284	3.94747	0.415461	lidar	12303.1	2.9449	17.8154	2.92405	17.3866	-3.54982	-3.60167
1477010452950000	2.75837	17.2599	4.9995	3.99539	0.458538	radar	5579.34	3.26647	17.0897	2.74805	17.2051	-3.49344	-3.66302
1477010453000000	2.5834	17.074	5.01105	4.01315	0.452699	lidar	11265	2.55407	17.0853	2.57486	17.0205	-3.437	-3.72251
1477010453050000	2.4212	16.9075	4.9426	4.01856	0.421656	radar	5494.71	2.55039	16.8884	2.4045	16.833	-3.38059	-3.78014
1477010453100000	2.2574	16.7351	4.93485	4.03198	0.413492	lidar	10891.1	2.25371	16.8334	2.23695	16.6427	-3.32428	-3.83595
1477010453150000	2.08433	16.5392	4.92824	4.04132	0.392667	radar	5324.57	1.57735	16.0489	2.07221	16.4497	-3.26812	-3.88995
1477010453200000	1.92876	16.3091	4.96544	4.06895	0.400611	lidar	9930.44	1.88972	16.1054	1.91027	16.254	-3.21219	-3.94216
1477010453250000	1.77425	16.1326	4.91983	4.07485	0.377542	radar	5378.98	1.74362	16.2687	1.75112	16.0557	-3.15656	-3.99261
1477010453300000	1.5701	15.9635	4.95429	4.06581	0.346394	lidar	9847.78	1.44745	16.0853	1.59474	15.8549	-3.10129	-4.04132
1477010453350000	1.4407	15.7332	5.00711	4.10498	0.38095	radar	5206.63	1.6097	15.5526	1.44111	15.6517	-3.04644	-4.08832
1477010453400000	1.26803	15.5151	5.05076	4.11574	0.371098	lidar	9043.51	1.18395	15.4284	1.29021	15.4463	-2.99207	-4.13364
1477010453450000	1.1128	15.3221	5.03597	4.12248	0.354865	radar	5289.42	0.828993	15.528	1.14201	15.2386	-2.93825	-4.1773
1477010453500000	0.901398	15.1031	5.11727	4.11622	0.327147	lidar	8522.11	0.722706	15.0075	0.996486	15.0288	-2.88503	-4.21933
1477010453550000	0.757383	14.9225	5.05106	4.11773	0.301936	radar	5120.41	1.03147	15.2134	0.853604	14.8169	-2.83246	-4.25977
1477010453600000	0.653992	14.7083	5.01978	4.14684	0.317733	lidar	8190.14	0.737301	14.7047	0.71333	14.603	-2.78061	-4.29864
1477010453650000	0.540064	14.4677	5.06352	4.18151	0.346336	radar	4917.77	0.722177	14.2445	0.575628	14.3872	-2.72952	-4.33598
1477010453700000	0.366205	14.2453	5.1121	4.1822	0.327347	lidar	7621.36	0.253435	14.2029	0.440459	14.1696	-2.67925	-4.37181
1477010453750000	0.241988	13.9936	5.19786	4.21574	0.359386	radar	5029.08	-0.0328023	13.9604	0.307779	13.9502	-2.62984	-4.40617
1477010453800000	0.225048	13.7461	5.12154	4.27622	0.407376	lidar	7092.46	0.459172	13.6856	0.177545	13.7292	-2.58135	-4.43909
1477010453850000	0.120004	13.5033	5.16501	4.3031	0.420727	radar	4881.95	0.0524412	13.6377	0.0497099	13.5065	-2.53381	-4.47061
1477010453900000	-0.0452343	13.2721	5.21276	4.29805	0.390728	lidar	6673.74	-0.190344	13.2856	-0.0757753	13.2823	-2.48728	-4.50075
1477010453950000	-0.162261	13.0537	5.16575	4.30339	0.368136	radar	4763.57	-0.275043	13.1456	-0.198962	13.0566	-2.44179	-4.52955
1477010454000000	-0.168725	12.8287	5.07671	4.35641	0.408788	lidar	6329.93	0.0462308	12.9301	-0.319903	12.8295	-2.39739	-4.55704
1477010454050000	-0.285281	12.6033	5.03613	4.35702	0.378113	radar	4634.75	-0.684792	12.3563	-0.438654	12.6011	-2.35412	-4.58326
1477010454100000	-0.403398	12.3674	5.05923	4.36262	0.362593	lidar	5792.58	-0.476482	12.3633	-0.555273	12.3714	-2.31202	-4.60823
1477010454150000	-0.524249	12.1588	5.02143	4.35779	0.331649	radar	4767.21	-0.972122	12.5207	-0.669818	12.1404	-2.27111	-4.63198
1477010454200000	-0.602201	11.9397	4.99656	4.37483	0.332685	lidar	5499.23	-0.582624	12.0386	-0.78235	11.9083	-2.23144	-4.65456
1477010454250000	-0.725366	11.7115	4.99708	4.37034	0.304975	radar	4648.92	-1.26757	11.6495	-0.892931	11.6751	-2.19304	-4.67598
1477010454300000	-0.918791	11.4667	5.08174	4.34045	0.25227	lidar	4962.56	-1.17212	11.3988	-1.00163	11.4409	-2.15594	-4.69628
1477010454350000	-1.02006	11.2419	5.02314	4.33891	0.225444	radar	4347.98	-0.891441	10.959	-1.1085	11.2057	-2.12017	-4.71549
1477010454400000	-1.19581	11.0137	5.07349	4.31389	0.183916	lidar	4680.08	-1.39289	11.0424	-1.21362	10.9695	-2.08575	-4.73364
1477010454450000	-1.27713	10.7684	5.11117	4.33769	0.208765	radar	4541.87	-1.29894	10.9012	-1.31706	10.7324	-2.05273	-4.75075
1477010454500000	-1.40722	10.514	5.1574	4.33478	0.193346	lidar	4186.72	-1.49687	10.4198	-1.41889	10.4945	-2.02111	-4.76686
1477010454550000	-1.49581	10.2518	5.20801	4.35452	0.210934	radar	4472.35	-1.59293	10.0212	-1.51917	10.2559	-1.99093	-4.78198
1477010454600000	-1.59428	10.0415	5.17272	4.35729	0.202747	lidar	4059.28	-1.61875	10.2374	-1.61797	10.0165	-1.96221	-4.79615
1477010454650000	-1.68241	9.81232	5.14083	4.36326	0.194658	radar	4402.66	-1.59702	9.96554	-1.71539	9.77637	-1.93498	-4.80939
1477010454700000	-1.75787	9.59214	5.10637	4.37496	0.197251	lidar	3679	-1.73381	9.71347	-1.81147	9.53564	-1.90924	-4.82172
1477010454750000	-1.86811	9.3402	5.16273	4.37943	0.196727	radar	4604.34	-2.27191	9.37316	-1.90631	9.29431	-1.88502	-4.83316
1477010454800000	-1.95135	9.04771	5.22292	4.39492	0.202278	lidar	3046.07	-1.93833	8.77028	-1.99998	9.05243	-1.86233	-4.84374
1477010454850000	-2.0366	8.82539	5.16636	4.39482	0.184079	radar	4381.32	-1.96565	9.13274	-2.09256	8.81003	-1.8412	-4.85347
1477010454900000	-2.13347	8.57322	5.18679	4.39771	0.176802	lidar	2932.4	-2.1768	8.5411	-2.18412	8.56717	-1.82164	-4.86238
1477010454950000	-2.26143	8.31916	5.22602	4.38659	0.152846	radar	4611.23	-2.65862	8.19477	-2.27474	8.32388	-1.80365	-4.87047
1477010455000000	-2.30898	8.08607	5.18316	4.40698	0.16754	lidar	2695.25	-2.21875	8.15339	-2.3645	8.0802	-1.78726	-4.87778
1477010455050000	-2.37185	7.87378	5.1181	4.41516	0.164849	radar	4415.89	-2.273	8.52315	-2.45348	7.83617	-1.77248	-4.8843
1477010455100000	-2.48569	7.6221	5.15482	4.40794	0.14724	lidar	2433.52	-2.59674	7.60288	-2.54177	7.59184	-1.75931	-4.89006
1477010455150000	-2.64666	7.3878	5.15381	4.36928	0.0810986	radar	4707.04	-3.08256	7.38874	-2.62944	7.34723	-1.74777	-4.89507
1477010455200000	-2.75115	7.13133	5.18473	4.36735	0.0741587	lidar	2174.02	-2.79865	7.064	-2.71658	7.10238	-1.73786	-4.89933
1477010455250000	-2.81371	6.89717	5.16916	4.38437	0.0951566	radar	4602.81	-2.79412	7.20818	-2.80326	6.85734	-1.72958	-4.90286
1477010455300000	-2.85583	6.68972	5.09045	4.40146	0.109194	lidar	2062.47	-2.74651	6.86867	-2.88957	6.61214	-1.72295	-4.90566
1477010455350000	-2.91974	6.46855	5.01588	4.39986	0.0874592	radar	4419.42	-2.57673	6.36755	-2.97559	6.36681	-1.71797	-4.90774
1477010455400000	-2.97493	6.2322	4.99676	4.41243	0.09653	lidar	1779.22	-2.90217	6.22989	-3.0614	6.12139	-1.71464	-4.90911
1477010455450000	-3.09309	5.98464	5.04697	4.40167	0.0809763	radar	4976.53	-3.50172	6.10796	-3.14709	5.87592	-1.71297	-4.90976
1477010455500000	-3.17668	5.71002	5.09845	4.40623	0.0811247	lidar	1530.18	-3.1778	5.53101	-3.23274	5.63043	-1.71295	-4.9097
1477010455550000	-3.28602	5.46311	5.09973	4.38728	0.0413532	radar	4891.08	-3.19736	5.19093	-3.31843	5.38496	-1.71458	-4.90893
1477010455600000	-3.38295	5.2012	5.13989	4.38518	0.0366224	lidar	1420.83	-3.43031	5.10507	-3.40424	5.13955	-1.71787	-4.90745
1477010455650000	-3.45153	4.95552	5.14111	4.39639	0.0521318	radar	5108.43	-3.4281	4.94644	-3.49026	4.89422	-1.72281	-4.90525
1477010455700000	-3.56664	4.67664	5.21814	4.38894	0.0413363	lidar	1278.94	-3.69435	4.52196	-3.57657	4.64902	-1.72939	-4.90233
1477010455750000	-3.67675	4.42366	5.22661	4.36994	0.00265627	radar	5329.43	-3.50501	4.17643	-3.66325	4.40398	-1.73763	-4.89868
1477010455800000	-3.80992	4.15169	5.30151	4.35621	-0.0115774	lidar	1213.72	-4.00238	4.04684	-3.75039	4.15913	-1.74749	-4.8943
1477010455850000	-3.89105	3.91124	5.28916	4.3652	0.00754758	radar	5731	-4.06447	4.10977	-3.83806	3.91452	-1.75899	-4.88918
1477010455900000	-3.96291	3.67901	5.24976	4.37001	0.0116508	lidar	1091.23	-3.88053	3.75177	-3.92635	3.67019	-1.77212	-4.8833
1477010455950000	-4.06457	3.4733	5.18945	4.35258	-0.0206744	radar	5849.57	-4.23729	3.88878	-4.01533	3.42616	-1.78686	-4.87666
1477010456000000	-4.15534	3.22879	5.19162	4.35199	-0.0201947	lidar	1033.48	-4.15119	3.21968	-4.10509	3.18248	-1.8032	-4.86925
1477010456050000	-4.27194	2.97359	5.22691	4.3369	-0.0451541	radar	6435.44	-4.27467	2.88187	-4.19571	2.93919	-1.82113	-4.86104
1477010456100000	-4.36166	2.69971	5.26934	4.34061	-0.0382065	lidar	944.151	-4.32451	2.55034	-4.28727	2.69633	-1.84065	-4.85202
1477010456150000	-4.44886	2.45025	5.26923	4.34484	-0.0276086	radar	6840.42	-4.38481	2.39989	-4.37985	2.45393	-1.86173	-4.84218
1477010456200000	-4.5535	2.18537	5.30817	4.3432	-0.0267179	lidar	961.184	-4.61223	2.09192	-4.47352	2.21205	-1.88436	-4.83149
1477010456250000	-4.66363	1.95286	5.29789	4.31985	-0.0736688	radar	7146.66	-4.29257	1.92854	-4.56836	1.97072	-1.90853	-4.81994
1477010456300000	-4.77897	1.67924	5.35656	4.31679	-0.07086	lidar	977.58	-4.86829	1.53442	-4.66444	1.72998	-1.93422	-4.80751
1477010456350000	-4.90323	1.4291	5.38355	4.30016	-0.0952912	radar	7949.36	-4.98165	1.43611	-4.76186	1.48989	-1.9614	-4.79417
1477010456400000	-4.96209	1.1959	5.32149	4.30709	-0.0860698	lidar	877.692	-4.66779	1.28643	-4.86066	1.25049	-1.99007	-4.7799
1477010456450000	-5.05778	0.979134	5.26604	4.3033	-0.0835253	radar	8287.44	-4.98594	1.10894	-4.96095	1.01182	-2.02019	-4.76468
1477010456500000	-5.11847	0.747562	5.21501	4.30959	-0.0751209	lidar	909.173	-4.85498	0.825661	-5.06277	0.77393	-2.05174	-4.74848
1477010456550000	-5.21284	0.452874	5.30551	4.31457	-0.0689859	radar	9298.29	-4.84736	0.18101	-5.16621	0.536876	-2.08471	-4.73127
1477010456600000	-5.28764	0.212992	5.27702	4.31809	-0.0629595	lidar	988.75	-5.1231	0.257311	-5.27133	0.300706	-2.11906	-4.71303
1477010456650000	-5.39728	-0.0212674	5.25333	4.31934	-0.0455379	radar	407.337	-5.99809	-0.290765	-5.3782	0.0654719	-2.15477	-4.69374
1477010456700000	-5.46856	-0.258996	5.22495	4.32435	-0.0389969	lidar	1058.16	-5.29972	-0.212982	-5.4869	-0.168772	-2.1918	-4.67335
1477010456750000	-5.58851	-0.442127	5.15113	4.3007	-0.07068	radar	9318.48	-5.64447	-0.144522	-5.59748	-0.401971	-2.23014	-4.65185
1477010456800000	-5.72454	-0.626978	5.09237	4.2762	-0.096669	lidar	1295.04	-5.85359	-0.445801	-5.71001	-0.634069	-2.26974	-4.62919
1477010456850000	-5.8391	-0.856488	5.12814	4.25681	-0.131071	radar	8873.41	-5.30947	-0.724468	-5.82456	-0.865006	-2.31058	-4.60536
1477010456900000	-5.93471	-1.12449	5.17574	4.26464	-0.112604	lidar	1366.12	-5.87835	-1.26863	-5.94118	-1.09472	-2.35262	-4.58032
1477010456950000	-6.02382	-1.39236	5.21708	4.27375	-0.0951814	radar	8307.78	-5.68069	-1.52871	-6.05993	-1.32316	-2.39581	-4.55404
1477010457000000	-6.16195	-1.59982	5.19087	4.25388	-0.113704	lidar	1569.84	-6.27263	-1.50938	-6.18087	-1.55025	-2.44014	-4.52648
1477010457050000	-6.30481	-1.83885	5.27061	4.22658	-0.158703	radar	8401.5	-6.11355	-1.75966	-6.30406	-1.77593	-2.48555	-4.49762
1477010457100000	-6.41104	-2.0879	5.28461	4.22829	-0.146894	lidar	1692.08	-6.34007	-2.13685	-6.42954	-2.00014	-2.532	-4.46742
1477010457150000	-6.56198	-2.29156	5.25208	4.20611	-0.163541	radar	8464.68	-6.99344	-2.17445	-6.55738	-2.22281	-2.57946	-4.43585
1477010457200000	-6.71118	-2.50069	5.23608	4.18615	-0.178028	lidar	1968.68	-6.79288	-2.4458	-6.68761	-2.44386	-2.62788	-4.40288
1477010457250000	-6.86662	-2.71446	5.2421	4.16502	-0.195131	radar	8299.77	-7.14408	-2.67584	-6.82029	-2.66323	-2.6772	-4.36847
1477010457300000	-6.9599	-2.98186	5.27726	4.18111	-0.163182	lidar	2115.53	-6.8003	-3.10086	-6.95546	-2.88084	-2.7274	-4.3326
1477010457350000	-7.08887	-3.20554	5.25395	4.17671	-0.154938	radar	8022.97	-7.13937	-3.22028	-7.09316	-3.09663	-2.7784	-4.29523
1477010457400000	-7.21365	-3.39992	5.20582	4.16355	-0.163073	lidar	2321.42	-7.12118	-3.26434	-7.23344	-3.3105	-2.83017	-4.25632
1477010457450000	-7.3599	-3.64799	5.24607	4.16005	-0.155711	radar	7928.51	-7.77186	-4.08999	-7.37632	-3.5224	-2.88265	-4.21586
1477010457500000	-7.51825	-3.78667	5.14729	4.12239	-0.194432	lidar	2581.03	-7.49009	-3.49081	-7.52184	-3.73223	-2.93579	-4.1738
1477010457550000	-7.66275	-3.99622	5.1551	4.10985	-0.20027	radar	7992.97	-7.52393	-3.88213	-7.67004	-3.93992	-2.98953	-4.13012
1477010457600000	-7.81765	-4.22383	5.18098	4.10188	-0.197074	lidar	3053.06	-7.88049	-4.29783	-7.82094	-4.14538	-3.04381	-4.08479
1477010457650000	-7.96873	-4.44223	5.18783	4.09391	-0.193972	radar	7987.91	-8.08524	-4.57834	-7.97457	-4.34854	-3.09857	-4.03778
1477010457700000	-8.13083	-4.67951	5.22856	4.08847	-0.187805	lidar	3438.05	-8.22492	-4.79812	-8.13095	-4.5493	-3.15376	-3.98906
1477010457750000	-8.27081	-4.88156	5.15375	4.08716	-0.169836	radar	8031.7	-8.453	-4.95621	-8.2901	-4.74759	-3.2093	-3.93862
1477010457800000	-8.40404	-5.09944	5.15311	4.08741	-0.159383	lidar	3624.47	-8.33552	-5.1059	-8.45204	-4.94331	-3.26514	-3.88641
1477010457850000	-8.55073	-5.26593	5.0584	4.07328	-0.161699	radar	8180.71	-8.55062	-4.79248	-8.61678	-5.13637	-3.32121	-3.83242
1477010457900000	-8.7412	-5.46467	5.08163	4.0515	-0.177579	lidar	4168.93	-8.91477	-5.51752	-8.78433	-5.32669	-3.37745	-3.77663
1477010457950000	-8.90056	-5.66121	5.06787	4.04191	-0.17692	radar	8166.33	-9.04115	-5.69364	-8.95469	-5.51417	-3.43377	-3.71901
1477010458000000	-9.05778	-5.84719	5.0537	4.02985	-0.181018	lidar	4374.37	-9.03391	-5.80267	-9.12788	-5.69872	-3.49012	-3.65955
1477010458050000	-9.19695	-6.00308	4.95412	4.01905	-0.179676	radar	8198.46	-8.86897	-5.41973	-9.30388	-5.88026	-3.54643	-3.59823
1477010458100000	-9.37425	-6.10677	4.8706	3.97792	-0.219293	lidar	4572.42	-9.30811	-5.82368	-9.4827	-6.05868	-3.60261	-3.53503
1477010458150000	-9.54982	-6.28938	4.88235	3.96411	-0.222435	radar	8401.14	-9.80646	-6.41174	-9.66432	-6.23389	-3.6586	-3.46994
1477010458200000	-9.69081	-6.49685	4.89448	3.97067	-0.201281	lidar	5153.27	-9.62547	-6.55958	-9.84874	-6.4058	-3.71431	-3.40295
1477010458250000	-9.91171	-6.65879	4.95654	3.93482	-0.234728	radar	8859.94	-10.6688	-6.35543	-10.0359	-6.57431	-3.76969	-3.33404
1477010458300000	-10.1148	-6.82315	4.96814	3.91035	-0.249557	lidar	5744.13	-10.2246	-6.83402	-10.2259	-6.73933	-3.82463	-3.26321
1477010458350000	-10.2994	-6.98563	4.98304	3.89239	-0.257426	radar	8614.62	-10.2205	-6.71044	-10.4186	-6.90075	-3.87907	-3.19046
1477010458400000	-10.5289	-7.16597	5.03503	3.86865	-0.269339	lidar	6420.03	-10.7616	-7.29159	-10.614	-7.05849	-3.93293	-3.11577
1477010458450000	-10.7338	-7.30905	5.03798	3.84211	-0.285551	radar	8926.37	-10.8944	-6.83335	-10.8121	-7.21245	-3.98613	-3.03916
1477010458500000	-10.98	-7.47061	5.08651	3.81176	-0.303593	lidar	6963.24	-11.2219	-7.56979	-11.0128	-7.36252	-4.03859	-2.96062
1477010458550000	-11.1683	-7.61104	5.04053	3.79502	-0.305292	radar	8880.22	-10.986	-7.3707	-11.2161	-7.50862	-4.09021	-2.88015
1477010458600000	-11.3192	-7.76417	4.99432	3.79528	-0.287898	lidar	6920.07	-11.0934	-7.6776	-11.422	-7.65064	-4.14093	-2.79777
1477010458650000	-11.5141	-7.89167	4.95973	3.77412	-0.296022	radar	9079.71	-11.4213	-7.46085	-11.6304	-7.78849	-4.19066	-2.71349
1477010458700000	-11.6947	-7.99593	4.90431	3.75061	-0.307166	lidar	7377.81	-11.5269	-7.8215	-11.8413	-7.92208	-4.23932	-2.6273
1477010458750000	-11.8872	-8.1096	4.82414	3.72876	-0.314762	radar	9246.51	-11.9422	-7.88317	-12.0546	-8.05131	-4.28682	-2.53924
1477010458800000	-12.1023	-8.20037	4.80445	3.6941	-0.337143	lidar	8045.53	-12.09	-8.08828	-12.2702	-8.17609	-4.33309	-2.44932
1477010458850000	-12.3285	-8.32966	4.89134	3.67448	-0.339435	radar	9549.45	-12.4462	-8.02117	-12.4881	-8.29633	-4.37802	-2.35756
1477010458900000	-12.5327	-8.41021	4.85177	3.64368	-0.356167	lidar	8463.86	-12.4231	-8.2599	-12.7082	-8.41193	-4.42156	-2.26399
1477010458950000	-12.7372	-8.49787	4.7799	3.61643	-0.368691	radar	9625.38	-12.7461	-8.19449	-12.9304	-8.5228	-4.4636	-2.16863
1477010459000000	-13.0155	-8.58698	4.84015	3.57427	-0.395099	lidar	9561.54	-13.2911	-8.64594	-13.1547	-8.62886	-4.50407	-2.07151
1477010459050000	-13.2638	-8.68863	4.90368	3.55013	-0.398189	radar	10150.9	-13.7929	-8.47158	-13.381	-8.73002	-4.54289	-1.97267
1477010459100000	-13.4861	-8.73511	4.86957	3.51161	-0.420321	lidar	9610.38	-13.384	-8.57583	-13.6092	-8.82619	-4.57997	-1.87214
1477010459150000	-13.7002	-8.77867	4.77608	3.47288	-0.44515	radar	10069.3	-13.6376	-8.26344	-13.8392	-8.91729	-4.61524	-1.76997
1477010459200000	-13.9286	-8.88675	4.79636	3.46379	-0.429593	lidar	10525.2	-13.9959	-8.99264	-14.0709	-9.00324	-4.64861	-1.6662
1477010459250000	-14.1804	-8.97815	4.89406	3.44962	-0.41569	radar	10488.3	-14.4737	-8.79552	-14.3043	-9.08395	-4.68001	-1.56086
1477010459300000	-14.4053	-9.08761	4.90074	3.44647	-0.395328	lidar	11122.7	-14.4273	-9.1875	-14.5391	-9.15936	-4.70936	-1.45402
1477010459350000	-14.6341	-9.15887	4.87927	3.42656	-0.396872	radar	10460.9	-14.5757	-9.32634	-14.7754	-9.22939	-4.73658	-1.34573
1477010459400000	-14.9202	-9.15737	4.91804	3.36839	-0.440074	lidar	11734.1	-15.062	-9.04396	-15.013	-9.29397	-4.76161	-1.23603
1477010459450000	-15.1787	-9.23062	4.954	3.35243	-0.432118	radar	10971.8	-15.6189	-9.69365	-15.2517	-9.35302	-4.78436	-1.125
1477010459500000	-15.4447	-9.34359	5.00555	3.35426	-0.404504	lidar	12804.6	-15.6682	-9.56749	-15.4916	-9.40649	-4.80476	-1.01269
1477010459550000	-15.687	-9.37386	4.94909	3.32062	-0.425706	radar	11130.2	-15.9382	-9.35751	-15.7324	-9.45431	-4.82275	-0.899159
1477010459600000	-15.9452	-9.45683	4.97928	3.31509	-0.407289	lidar	13326.1	-16.0862	-9.59819	-15.9741	-9.49642	-4.83827	-0.784484
1477010459650000	-16.1959	-9.46726	4.95296	3.27778	-0.430251	radar	11514	-16.6033	-8.85459	-16.2164	-9.53277	-4.85124	-0.668734
1477010459700000	-16.4476	-9.46158	4.95436	3.23965	-0.4491	lidar	13575.4	-16.4229	-9.37029	-16.4594	-9.5633	-4.8616	-0.55198
1477010459750000	-16.6649	-9.46238	4.88994	3.20866	-0.4631	radar	11192.9	-16.011	-9.33486	-16.7027	-9.58797	-4.8693	-0.434301
1477010459800000	-16.9488	-9.44748	4.94124	3.16874	-0.481218	lidar	14493.1	-17.1132	-9.43043	-16.9464	-9.60673	-4.87427	-0.315773
1477010459850000	-17.2015	-9.50527	4.97611	3.17161	-0.445985	radar	11633.1	-16.9255	-10.8571	-17.1903	-9.61954	-4.87646	-0.196479
1477010459900000	-17.4622	-9.52258	4.99355	3.15371	-0.440764	lidar	15154.1	-17.5448	-9.57485	-17.4342	-9.62636	-4.87583	-0.0765024
1477010459950000	-17.7195	-9.51246	4.98442	3.12309	-0.454367	radar	12274.4	-18.1371	-9.39146	-17.6781	-9.62717	-4.87232	0.0440703
1477010460000000	-17.9745	-9.48014	4.99377	3.08922	-0.466754	lidar	15615	-17.9724	-9.42299	-17.9216	-9.62194	-4.86588	0.165151
1477010460050000	-18.2178	-9.44364	4.96434	3.05281	-0.487035	radar	12373.9	-18.3083	-9.18778	-18.1648	-9.61064	-4.85648	0.286648
1477010460100000	-18.4201	-9.48761	4.89497	3.06051	-0.452247	lidar	16150.2	-18.2763	-9.60997	-18.4074	-9.59325	-4.84408	0.40847
1477010460150000	-18.6565	-9.47455	4.90346	3.04621	-0.438386	radar	12343	-18.2443	-9.58547	-18.6493	-9.56977	-4.82864	0.530522
1477010460200000	-18.9052	-9.46519	4.90787	3.03132	-0.430469	lidar	17035.9	-18.9545	-9.51544	-18.8904	-9.54017	-4.81012	0.652707
1477010460250000	-19.1354	-9.42714	4.90592	3.00954	-0.427294	radar	12608	-18.6983	-9.02886	-19.1305	-9.50447	-4.78851	0.774927
1477010460300000	-19.3813	-9.30887	4.92974	2.95235	-0.466927	lidar	17240.7	-19.2983	-9.09865	-19.3694	-9.46265	-4.76378	0.897083
1477010460350000	-19.6142	-9.23438	4.90258	2.91274	-0.491948	radar	13129.1	-19.7037	-8.79906	-19.6069	-9.41472	-4.73591	1.01907
1477010460400000	-19.8667	-9.11149	4.94283	2.86079	-0.521727	lidar	17993.2	-19.8731	-8.96417	-19.8431	-9.36071	-4.70487	1.1408
1477010460450000	-20.104	-9.01073	4.95639	2.82278	-0.534209	radar	13591.8	-20.3815	-7.6755	-20.0775	-9.30061	-4.67066	1.26215
1477010460500000	-20.2769	-9.13598	4.78927	2.88072	-0.443825	lidar	18829.4	-20.1607	-9.59663	-20.3102	-9.23446	-4.63328	1.38303
1477010460550000	-20.5159	-9.09352	4.80226	2.87075	-0.426892	radar	13506.6	-20.4587	-9.7448	-20.5409	-9.16227	-4.59271	1.50334
1477010460600000	-20.7374	-8.99778	4.80324	2.83694	-0.440593	lidar	19138.8	-20.6596	-8.91527	-20.7696	-9.08409	-4.54895	1.62296
1477010460650000	-20.9794	-8.91704	4.81868	2.8112	-0.446743	radar	14158.2	-21.5568	-8.5005	-20.9959	-8.99994	-4.50202	1.74179
1477010460700000	-21.1755	-8.8487	4.77109	2.79226	-0.443599	lidar	19650.6	-21.0195	-8.85081	-21.2198	-8.90987	-4.45191	1.85972
1477010460750000	-21.4086	-8.7613	4.77617	2.76634	-0.451431	radar	14316.9	-21.8628	-8.64129	-21.4412	-8.81393	-4.39865	1.97666
1477010460800000	-21.601	-8.73555	4.70217	2.76813	-0.425659	lidar	20427.5	-21.5029	-8.87191	-21.6597	-8.71217	-4.34224	2.0925
1477010460850000	-21.7919	-8.59583	4.65184	2.71003	-0.483155	radar	14442.9	-21.9514	-7.41274	-21.8754	-8.60465	-4.2827	2.20712
1477010460900000	-21.9953	-8.51882	4.62939	2.69464	-0.473849	lidar	21012.3	-21.9793	-8.57089	-22.0881	-8.49143	-4.22007	2.32043
1477010460950000	-22.2046	-8.41141	4.65023	2.6743	-0.463573	radar	14572.7	-22.1914	-7.70392	-22.2975	-8.37258	-4.15437	2.43232
1477010461000000	-22.4362	-8.31236	4.67771	2.65711	-0.456762	lidar	21885.6	-22.5838	-8.35296	-22.5035	-8.24817	-4.08564	2.5427
1477010461050000	-22.6271	-8.19711	4.65099	2.62701	-0.469903	radar	14571	-22.3177	-8.57758	-22.7061	-8.11829	-4.01391	2.65145
1477010461100000	-22.8659	-7.95677	4.78962	2.55927	-0.515904	lidar	22171.3	-22.9861	-7.6724	-22.9049	-7.98301	-3.93923	2.75848
1477010461150000	-23.0562	-7.80862	4.76245	2.51373	-0.554132	radar	15120.7	-23.2693	-8.32031	-23.1	-7.84243	-3.86163	2.8637
1477010461200000	-23.2855	-7.63074	4.83885	2.4782	-0.561269	lidar	22949.1	-23.4777	-7.56583	-23.2911	-7.69663	-3.78118	2.967
1477010461250000	-23.485	-7.49018	4.86135	2.46618	-0.530963	radar	15353.6	-23.473	-7.02103	-23.4781	-7.54572	-3.69792	3.06828
1477010461300000	-23.6514	-7.34609	4.82714	2.43987	-0.531347	lidar	22915.9	-23.5408	-7.36069	-23.6609	-7.3898	-3.61191	3.16746
1477010461350000	-23.8422	-7.18587	4.84551	2.41754	-0.52216	radar	15722.1	-24.0505	-6.56968	-23.8393	-7.22897	-3.52321	3.26445
1477010461400000	-24.0033	-7.09223	4.75813	2.41204	-0.502189	lidar	23547	-23.9384	-7.26171	-24.0132	-7.06336	-3.43189	3.35916
1477010461450000	-24.171	-6.91055	4.76286	2.37408	-0.521206	radar	15964.2	-24.3577	-5.94086	-24.1825	-6.89307	-3.33801	3.45149
1477010461500000	-24.3332	-6.65818	4.84206	2.31836	-0.550874	lidar	23706.6	-24.2574	-6.4352	-24.347	-6.71823	-3.24166	3.54138
1477010461550000	-24.5003	-6.48188	4.83442	2.28608	-0.565331	radar	16088.4	-24.788	-7.18367	-24.5066	-6.53896	-3.14289	3.62873
1477010461600000	-24.5989	-6.3423	4.72537	2.25942	-0.565722	lidar	23758.1	-24.3008	-6.43799	-24.6612	-6.35538	-3.0418	3.71347
1477010461650000	-24.7393	-6.15353	4.72275	2.22788	-0.569645	radar	16100.4	-24.6108	-6.00878	-24.8107	-6.16764	-2.93846	3.79553
1477010461700000	-24.9223	-5.94819	4.78301	2.20439	-0.563274	lidar	25090.8	-25.146	-5.91902	-24.955	-5.97587	-2.83295	3.87484
1477010461750000	-25.053	-5.74356	4.789	2.17308	-0.564059	radar	16394.1	-24.8975	-5.02285	-25.094	-5.7802	-2.72537	3.95132
1477010461800000	-25.1857	-5.57137	4.75659	2.15237	-0.55696	lidar	25043.8	-25.1941	-5.64372	-25.2276	-5.58079	-2.61581	4.02492
1477010461850000	-25.3385	-5.38554	4.77034	2.14418	-0.523708	radar	16711.3	-25.5328	-5.4399	-25.3556	-5.37777	-2.50435	4.09557
1477010461900000	-25.4824	-5.16045	4.81465	2.11659	-0.524319	lidar	25538.6	-25.5713	-5.10241	-25.4779	-5.1713	-2.39109	4.16322
1477010461950000	-25.6136	-4.98303	4.79468	2.11177	-0.486728	radar	16277.7	-25.0178	-6.55904	-25.5946	-4.96152	-2.27613	4.22781
1477010462000000	-25.7271	-4.80988	4.74505	2.09367	-0.481171	lidar	25685.6	-25.6952	-4.89995	-25.7055	-4.7486	-2.15956	4.2893
1477010462050000	-25.8481	-4.60416	4.75156	2.07531	-0.469628	radar	17020.5	-25.8162	-4.40681	-25.8105	-4.53268	-2.04149	4.34764
1477010462100000	-25.96	-4.36049	4.79689	2.04376	-0.477259	lidar	25964.7	-25.9516	-4.26659	-25.9096	-4.31392	-1.92202	4.40279
1477010462150000	-26.0699	-4.13986	4.79385	2.00259	-0.519217	radar	17672.4	-26.8953	-4.43966	-26.0027	-4.0925	-1.80125	4.45471
1477010462200000	-26.1614	-3.85595	4.87788	1.96087	-0.534233	lidar	26112.3	-26.1198	-3.67723	-26.0897	-3.86856	-1.67928	4.50337
1477010462250000	-26.2358	-3.61889	4.87387	1.91181	-0.579638	radar	17564.3	-26.5652	-3.85723	-26.1706	-3.64227	-1.55623	4.54875
1477010462300000	-26.2653	-3.35209	4.89254	1.86102	-0.601582	lidar	25747	-25.9974	-3.24722	-26.2453	-3.41381	-1.4322	4.59081
1477010462350000	-26.3149	-3.10743	4.89424	1.81601	-0.62843	radar	17553.7	-26.2976	-3.01078	-26.3138	-3.18332	-1.30729	4.62954
1477010462400000	-26.3399	-2.87237	4.87236	1.77544	-0.638167	lidar	25995.5	-26.1741	-2.87885	-26.376	-2.95098	-1.18162	4.66493
1477010462450000	-26.3974	-2.64542	4.86065	1.752	-0.625774	radar	17574.1	-26.4681	-3.44967	-26.4319	-2.71697	-1.05529	4.69696
1477010462500000	-26.4736	-2.49156	4.75222	1.74422	-0.604747	lidar	26944.8	-26.674	-2.73852	-26.4815	-2.48143	-0.928411	4.72562
1477010462550000	-26.5283	-2.25639	4.76073	1.72623	-0.582432	radar	18019.9	-26.657	-1.72382	-26.5247	-2.24456	-0.80109	4.75091
1477010462600000	-26.5782	-2.06001	4.70901	1.70709	-0.573617	lidar	26832.4	-26.6691	-2.17333	-26.5616	-2.0065	-0.673434	4.77284
1477010462650000	-26.6089	-1.82388	4.71299	1.68645	-0.554109	radar	17917	-26.3248	-1.32261	-26.5921	-1.76744	-0.545553	4.79141
1477010462700000	-26.6069	-1.57498	4.72609	1.64856	-0.564125	lidar	26343.7	-26.4671	-1.53207	-26.6161	-1.52753	-0.417552	4.80664
1477010462750000	-26.6043	-1.34479	4.71401	1.60729	-0.588655	radar	17847.4	-26.4998	-2.19526	-26.6338	-1.28695	-0.289538	4.81852
1477010462800000	-26.6079	-1.1179	4.7004	1.57795	-0.58886	lidar	26568.8	-26.5998	-1.14277	-26.6451	-1.04586	-0.161616	4.8271
1477010462850000	-26.6368	-0.893311	4.69067	1.56218	-0.571887	radar	18364.9	-27.2008	-1.67679	-26.65	-0.804425	-0.0338883	4.83238
1477010462900000	-26.6477	-0.642641	4.71912	1.53851	-0.566277	lidar	26803.9	-26.7355	-0.59539	-26.6485	-0.562811	0.0935412	4.83439
1477010462950000	-26.6353	-0.400771	4.73281	1.5013	-0.587107	radar	18659.4	-26.9891	0.0351487	-26.6406	-0.321181	0.220572	4.83317
1477010463000000	-26.5902	-0.10721	4.81943	1.46139	-0.595927	lidar	26227.2	-26.4553	0.0602653	-26.6264	-0.0796947	0.347104	4.82874
1477010463050000	-26.5707	0.132242	4.82331	1.43218	-0.599917	radar	7792.43	-26.9537	0.136943	-26.6059	0.161489	0.473041	4.82116
1477010463100000	-26.5471	0.423369	4.90602	1.40674	-0.593482	lidar	26557.5	-26.6201	0.57588	-26.5792	0.402213	0.598287	4.81045
1477010463150000	-26.5345	0.661135	4.89359	1.39668	-0.560919	radar	18456.9	-26.8241	0.381506	-26.5462	0.642323	0.722748	4.79667
1477010463200000	-26.5264	0.94206	4.95552	1.38265	-0.545518	lidar	26794	-26.7293	1.06082	-26.5069	0.881666	0.846334	4.77986
1477010463250000	-26.4883	1.20039	4.96796	1.37429	-0.504213	radar	17450.6	-25.9562	2.60409	-26.4616	1.12009	0.968955	4.76007
1477010463300000	-26.4308	1.4379	4.96024	1.34681	-0.506627	lidar	26158.1	-26.3986	1.42212	-26.4101	1.35745	1.09053	4.73737
1477010463350000	-26.3923	1.6567	4.91757	1.33431	-0.483702	radar	18530.3	-26.5072	-0.563928	-26.3526	1.59361	1.21096	4.71181
1477010463400000	-26.3366	1.86855	4.87629	1.31038	-0.484177	lidar	26128.7	-26.3594	1.79315	-26.2891	1.82841	1.33018	4.68345
1477010463450000	-26.2691	2.09991	4.8735	1.28313	-0.490656	radar	17869.8	-26.3475	1.82827	-26.2197	2.06173	1.44811	4.65235
1477010463500000	-26.2063	2.29419	4.81274	1.25912	-0.491124	lidar	25978.7	-26.2502	2.18481	-26.1444	2.29342	1.56467	4.61859
1477010463550000	-26.1437	2.52156	4.79945	1.24771	-0.465015	radar	17601.9	-26.069	2.27896	-26.0633	2.52336	1.67979	4.58223
1477010463600000	-26.0644	2.76331	4.82272	1.22556	-0.463544	lidar	25738.2	-26.0641	2.80701	-25.9765	2.75141	1.79339	4.54334
1477010463650000	-25.9703	2.9866	4.83481	1.18667	-0.497873	radar	17646.5	-26.3234	3.02388	-25.8841	2.97746	1.90543	4.502
1477010463700000	-25.8686	3.26418	4.92004	1.16445	-0.493852	lidar	25438.3	-25.8345	3.42005	-25.7861	3.20139	2.01582	4.45828
1477010463750000	-25.7858	3.49382	4.922	1.1455	-0.488872	radar	17428.5	-26.1824	3.73376	-25.6826	3.42306	2.12452	4.41227
1477010463800000	-25.68	3.69568	4.89142	1.11806	-0.492397	lidar	25171.5	-25.6666	3.63509	-25.5737	3.64239	2.23146	4.36404
1477010463850000	-25.5635	3.90377	4.88142	1.08795	-0.501054	radar	17190.1	-25.5773	3.13316	-25.4596	3.85924	2.3366	4.31367
1477010463900000	-25.4964	4.08453	4.80951	1.07413	-0.491005	lidar	25441.6	-25.7492	3.99968	-25.3402	4.07353	2.43989	4.26125
1477010463950000	-25.3734	4.28688	4.80292	1.04548	-0.49696	radar	16949.2	-25.3516	3.75691	-25.2157	4.28514	2.54127	4.20686
1477010464000000	-25.214	4.50478	4.83864	1.01076	-0.506281	lidar	24231.9	-25.0214	4.52803	-25.0863	4.49399	2.64071	4.15058
1477010464050000	-25.0636	4.70107	4.82662	0.985866	-0.494081	radar	16231.3	-24.2719	4.30917	-24.9518	4.69998	2.73817	4.09251
1477010464100000	-24.9452	4.89511	4.809	0.965622	-0.489907	lidar	24393.3	-25.0363	4.88499	-24.8126	4.90303	2.83361	4.03273
1477010464150000	-24.7894	5.0862	4.8107	0.93595	-0.493682	radar	16198	-24.3609	4.95947	-24.6686	5.10304	2.92701	3.97132
1477010464200000	-24.6213	5.29954	4.8553	0.908333	-0.495742	lidar	23587.9	-24.5041	5.35293	-24.5201	5.29995	3.01833	3.90839
1477010464250000	-24.4497	5.47856	4.87068	0.866705	-0.525966	radar	16235.6	-24.4379	5.24592	-24.367	5.49367	3.10754	3.84401
1477010464300000	-24.2632	5.65143	4.875	0.830292	-0.536179	lidar	22992.6	-24.1159	5.61152	-24.2095	5.68414	3.19464	3.77827
1477010464350000	-24.0974	5.81374	4.86582	0.794898	-0.553659	radar	16390.3	-24.5638	4.75836	-24.0477	5.8713	3.27959	3.71127
1477010464400000	-23.924	5.97425	4.85244	0.764478	-0.556787	lidar	22784.7	-23.9153	5.94377	-23.8818	6.05508	3.36239	3.64309
1477010464450000	-23.7797	6.15863	4.80401	0.769217	-0.494994	radar	15533.9	-23.5491	6.44495	-23.7117	6.23542	3.44302	3.57383
1477010464500000	-23.6124	6.31414	4.7863	0.744023	-0.49591	lidar	22471.6	-23.6471	6.29102	-23.5377	6.41227	3.52148	3.50357
1477010464550000	-23.4635	6.48715	4.75803	0.738662	-0.463807	radar	15661.2	-23.7544	6.53746	-23.3598	6.58559	3.59775	3.4324
1477010464600000	-23.2385	6.70841	4.87671	0.720157	-0.456071	lidar	21635	-23.0099	6.86182	-23.1781	6.75533	3.67185	3.36041
1477010464650000	-23.0436	6.8501	4.85484	0.694477	-0.452769	radar	15221.3	-22.7862	5.74143	-22.9928	6.92146	3.74376	3.28768
1477010464700000	-22.8297	7.02261	4.90159	0.670825	-0.452763	lidar	21213.8	-22.6991	7.063	-22.804	7.08393	3.8135	3.21431
1477010464750000	-22.6181	7.15817	4.91035	0.63611	-0.470311	radar	14916.7	-22.418	6.76159	-22.6117	7.24273	3.88106	3.14038
1477010464800000	-22.4329	7.30328	4.8988	0.616329	-0.466733	lidar	21033.1	-22.5083	7.31524	-22.4161	7.39782	3.94647	3.06598
1477010464850000	-22.204	7.43102	4.9487	0.570395	-0.508853	radar	14647.7	-22.0543	7.85452	-22.2173	7.54917	4.00974	2.99118
1477010464900000	-22.0227	7.59293	4.95339	0.560787	-0.492472	lidar	20724.6	-22.1947	7.69478	-22.0154	7.69679	4.07087	2.91607
1477010464950000	-21.8387	7.76185	4.93456	0.565709	-0.444821	radar	14267	-21.6178	9.0351	-21.8105	7.84064	4.12989	2.84074
1477010465000000	-21.6307	7.90445	4.9461	0.547846	-0.440044	lidar	19966.6	-21.6473	7.94	-21.6026	7.98072	4.18681	2.76526
1477010465050000	-21.4404	8.03857	4.91807	0.537066	-0.422367	radar	14494	-21.8637	7.78661	-21.392	8.11703	4.24166	2.68971
1477010465100000	-21.2149	8.07619	4.8462	0.485208	-0.455586	lidar	19014	-21.0853	7.83229	-21.1787	8.24957	4.29447	2.61417
1477010465150000	-21.0237	8.22857	4.80974	0.496487	-0.396698	radar	13646.5	-20.5503	9.28616	-20.9628	8.37833	4.34526	2.53871
1477010465200000	-20.8446	8.37972	4.80926	0.495939	-0.37663	lidar	19376.3	-21.0519	8.50983	-20.7444	8.50333	4.39406	2.46341
1477010465250000	-20.6037	8.49152	4.86263	0.464479	-0.399867	radar	13351.1	-19.9265	9.40847	-20.5237	8.62457	4.4409	2.38835
1477010465300000	-20.3541	8.62897	4.92708	0.449628	-0.393345	lidar	18187.2	-20.21	8.68914	-20.3006	8.74206	4.48582	2.31358
1477010465350000	-20.1561	8.75888	4.88504	0.454671	-0.350417	radar	13493.6	-20.2277	8.8532	-20.0753	8.85583	4.52884	2.23919
1477010465400000	-19.9566	8.86052	4.8575	0.439225	-0.348722	lidar	18088.5	-20.0633	8.86724	-19.848	8.96589	4.57001	2.16524
1477010465450000	-19.7579	8.97902	4.81609	0.44151	-0.313547	radar	13328.5	-19.9264	8.78179	-19.6186	9.07227	4.60937	2.09179
1477010465500000	-19.5351	9.05141	4.79677	0.414843	-0.325272	lidar	17301.2	-19.4861	8.96665	-19.3873	9.17499	4.64694	2.01891
1477010465550000	-19.2957	9.15872	4.83928	0.397362	-0.330032	radar	12578.4	-18.5719	10.2069	-19.1542	9.27409	4.68278	1.94666
1477010465600000	-19.0094	9.25035	4.91563	0.371552	-0.338647	lidar	16292.7	-18.6786	9.19191	-18.9193	9.36959	4.71692	1.8751
1477010465650000	-18.7929	9.33387	4.89876	0.354346	-0.340289	radar	13004	-19.2825	8.98189	-18.6827	9.46154	4.7494	1.80429
1477010465700000	-18.5375	9.43668	4.94569	0.341164	-0.335591	lidar	16134.6	-18.4242	9.46852	-18.4446	9.54996	4.78028	1.73429
1477010465750000	-18.2725	9.46867	4.98894	0.289252	-0.390985	radar	12472.9	-18.1634	8.72444	-18.2049	9.63492	4.80959	1.66514
1477010465800000	-17.9809	9.59952	5.10092	0.286473	-0.371663	lidar	15433.6	-17.7736	9.72478	-17.9639	9.71643	4.83737	1.59691
1477010465850000	-17.736	9.69084	5.08533	0.285126	-0.339954	radar	11861.9	-17.2296	9.97767	-17.7214	9.79457	4.86368	1.52964
1477010465900000	-17.4608	9.79989	5.15264	0.279679	-0.326713	lidar	14978.8	-17.3436	9.88109	-17.4777	9.86936	4.88856	1.46338
1477010465950000	-17.2129	9.87692	5.16009	0.265669	-0.325167	radar	11834.9	-17.1554	10.212	-17.2328	9.94087	4.91205	1.39818
1477010466000000	-16.9407	10.0009	5.22874	0.269076	-0.303507	lidar	14585.8	-16.8876	10.145	-16.9868	10.0091	4.93421	1.33408
1477010466050000	-16.6857	10.0685	5.23242	0.253648	-0.303729	radar	11540.2	-16.5958	10.1078	-16.7396	10.0743	4.95507	1.27113
1477010466100000	-16.4376	10.1753	5.25252	0.255002	-0.286205	lidar	14244.6	-16.5153	10.3091	-16.4915	10.1362	4.97469	1.20937
1477010466150000	-16.1803	10.2443	5.26592	0.239989	-0.290046	radar	11271.5	-16.09	10.5824	-16.2424	10.1952	4.99311	1.14883
1477010466200000	-15.9451	10.2689	5.21601	0.213694	-0.302945	lidar	13531.5	-16.006	10.1843	-15.9924	10.2511	5.01039	1.08956
1477010466250000	-15.697	10.3349	5.20101	0.207704	-0.287453	radar	11072.3	-15.7234	10.41	-15.7416	10.3041	5.02655	1.03159
1477010466300000	-15.4758	10.3284	5.12207	0.17397	-0.308706	lidar	13024.6	-15.5699	10.1904	-15.4899	10.3543	5.04166	0.974957
1477010466350000	-15.1802	10.3533	5.21174	0.137867	-0.34679	radar	10380.4	-14.2385	10.9109	-15.2376	10.4016	5.05576	0.919692
1477010466400000	-14.9199	10.4083	5.22605	0.128412	-0.338256	lidar	12515.7	-14.9365	10.4722	-14.9846	10.4462	5.06889	0.865828
1477010466450000	-14.6759	10.4444	5.15789	0.127515	-0.301385	radar	10575.2	-14.724	9.63507	-14.7309	10.4882	5.0811	0.813394
1477010466500000	-14.4328	10.4107	5.10891	0.0884532	-0.327683	lidar	11749	-14.4088	10.222	-14.4766	10.5276	5.09243	0.762418
1477010466550000	-14.1723	10.4362	5.11248	0.0755926	-0.321014	radar	10168.5	-13.9005	10.5238	-14.2218	10.5645	5.10293	0.712926
1477010466600000	-13.8675	10.5845	5.23875	0.108478	-0.266327	lidar	11665.9	-13.8049	10.9383	-13.9665	10.5989	5.11263	0.664944
1477010466650000	-13.6125	10.6462	5.20703	0.120589	-0.221784	radar	9865.66	-13.3956	10.7857	-13.7107	10.631	5.12159	0.618496
1477010466700000	-13.362	10.6446	5.18289	0.0975602	-0.234896	lidar	10902.2	-13.3556	10.5517	-13.4545	10.6608	5.12983	0.573603
1477010466750000	-13.0989	10.6709	5.19344	0.0860425	-0.235446	radar	9667.53	-12.9374	10.8137	-13.1979	10.6884	5.13741	0.530288
1477010466800000	-12.8432	10.7637	5.21769	0.1019	-0.205669	lidar	10873.9	-12.9591	11.0099	-12.9409	10.7138	5.14436	0.48857
1477010466850000	-12.5784	10.8153	5.22321	0.105715	-0.184524	radar	9311.38	-12.2518	11.2495	-12.6836	10.7373	5.15071	0.448467
1477010466900000	-12.3432	10.7817	5.16534	0.0740337	-0.208855	lidar	9992.38	-12.3713	10.6091	-12.426	10.7587	5.15651	0.409997
1477010466950000	-12.0864	10.8193	5.15204	0.0773893	-0.185059	radar	9148.21	-11.9352	10.9161	-12.1681	10.7783	5.16179	0.373177
1477010467000000	-11.839	10.8823	5.15512	0.0850125	-0.167116	lidar	9956.27	-11.9451	11.0515	-11.91	10.7961	5.16658	0.338022
1477010467050000	-11.5625	10.9036	5.18238	0.0770984	-0.165737	radar	8689.88	-10.9703	10.9676	-11.6516	10.8121	5.17092	0.304546
1477010467100000	-11.3328	10.9176	5.13956	0.0671953	-0.167692	lidar	9434.33	-11.4548	10.9407	-11.393	10.8265	5.17484	0.272761
1477010467150000	-11.0682	10.8528	5.19577	0.00281725	-0.263706	radar	8936.65	-11.3472	10.5111	-11.1342	10.8394	5.17836	0.242681
1477010467200000	-10.7775	10.8257	5.23237	-0.020295	-0.273897	lidar	8517.57	-10.6009	10.6823	-10.8753	10.8509	5.18153	0.214317
1477010467250000	-10.5217	10.8222	5.22247	-0.0318766	-0.270502	radar	8550.25	-10.6563	10.8369	-10.6161	10.8609	5.18435	0.187679
1477010467300000	-10.2883	10.8169	5.18412	-0.0439534	-0.269378	lidar	8528.52	-10.4142	10.8747	-10.3569	10.8697	5.18687	0.162776
1477010467350000	-10.0399	10.8706	5.12144	-0.0130529	-0.193851	radar	8141.54	-9.90413	11.2255	-10.0976	10.8772	5.1891	0.139618
1477010467400000	-9.7795	10.9164	5.14092	-0.0035178	-0.173052	lidar	8270.05	-9.83445	11.1032	-9.83809	10.8837	5.19106	0.118212
1477010467450000	-9.54805	10.8981	5.09373	-0.01694	-0.175583	radar	8283.64	-10.195	10.3498	-9.57852	10.8891	5.19278	0.0985664
1477010467500000	-9.28756	10.9232	5.10994	-0.014068	-0.163079	lidar	7834.04	-9.3066	11.0348	-9.31887	10.8936	5.19428	0.0806865
1477010467550000	-9.04156	10.9043	5.08222	-0.0239873	-0.159459	radar	7814.41	-9.2226	10.3527	-9.05915	10.8972	5.19557	0.0645787
1477010467600000	-8.77755	10.9345	5.10568	-0.0177081	-0.144256	lidar	7510.2	-8.78899	11.0707	-8.79937	10.9001	5.19667	0.050248
1477010467650000	-8.53732	10.8929	5.07243	-0.0378019	-0.156262	radar	7633.04	-8.83914	10.0319	-8.53953	10.9023	5.19759	0.0376992
1477010467700000	-8.36882	10.8156	4.93229	-0.0730436	-0.185748	lidar	7070.02	-8.62045	10.6577	-8.27965	10.9039	5.19835	0.0269359
1477010467750000	-8.1179	10.828	4.92577	-0.063494	-0.155878	radar	7205.15	-7.91543	11.1157	-8.01974	10.905	5.19896	0.0179617
1477010467800000	-7.78564	10.8708	5.06592	-0.0457157	-0.127952	lidar	6669.41	-7.51971	11.0005	-7.75979	10.9057	5.19942	0.0107791
1477010467850000	-7.52373	10.8717	5.06103	-0.0380437	-0.100504	radar	6865	-7.25987	10.6458	-7.49981	10.9061	5.19975	0.00539029
1477010467900000	-7.24879	10.8586	5.09389	-0.0433716	-0.100705	lidar	6317.15	-7.15631	10.815	-7.23983	10.9063	5.19994	0.00179692
1477010467950000	-7.01039	10.8921	5.04532	-0.0172308	-0.0468019	radar	6913.46	-7.39396	11.0181	-6.97983	10.9064	5.2	-7.84874e-15
